-91
-72
-83
75
65
86
21
-22
48
23
26
58
-23
67
103
88
109
125
68
13
80
-71
-69
-44
-86
-89
-69
-127
-38
11
48
82
31
24
43
15
0
19
-35
-10
-2
-10
-44
27
36
-47
23
12
-22
-5
-14
-87
50
49
53
-70
-59
3
-89
-90
46
30
1
7
31
27
-35
-53
-9
-65
-24
15
-29
-45
9
-26
27
23
41
0
45
46
-33
8
-17
0
5
-14
-40
39
-119
127
-7
-1
-56
-98
64
57
-3
-15
0
82
-15
10
0
4
-3
-42
98
76
8
75
-14
26
-19
-24
127
81
0
-1
7
18
0
2
-32
38
16
-38
-41
10
-8
52
16
-37
30
61
-10
53
-22
-5
-45
-37
-26
6
34
-7
-18
-65
8
-8
64
-1
-42
-29
3
86
34
-31
-9
-95
5
-29
-40
-8
19
10
-27
-44
7
30
38
-24
-28
-105
10
-30
-23
127
6
-10
65
-38
22
41
-4
-28
-10
3
15
-9
-4
7
-7
13
-59
43
52
59
42
17
0
-3
-10
-13
-15
-13
-11
-9
-9
-7
-4
-5
-2
0
2
4
2
4
3
4
8
10
12
-72
87
76
83
54
14
-4
-10
-22
-24
-27
-27
-26
-19
-22
-19
-16
-13
-10
0
6
10
5
11
8
10
16
14
16
-75
5
29
42
28
8
-3
-7
-12
-14
-13
-11
-8
-6
0
3
6
4
5
6
5
7
7
8
9
9
14
17
20
-6
-20
-9
0
0
-1
-2
-3
-3
-3
-2
-1
0
0
4
5
5
4
2
0
-2
-2
-2
-2
-2
-2
-1
0
2
0
-12
-5
-2
1
4
6
6
6
6
5
4
4
1
2
1
0
-1
-1
-3
-5
-5
-6
-6
-6
-7
-7
-7
-6
-127
-41
16
44
23
0
-12
-13
-18
-23
-21
-19
-12
-10
2
7
11
5
4
1
-4
-2
-3
-2
-1
-2
4
12
21
-10
-8
-11
-12
-10
-7
-6
-4
-2
0
0
0
0
0
0
0
0
0
0
0
0
0
0
0
0
0
0
0
-1
-17
-20
-14
-17
-17
-13
-9
-6
-3
0
0
2
3
2
2
0
0
1
1
0
0
0
1
0
2
1
0
0
0
-64
-32
13
7
-6
9
3
-7
-5
-7
-23
-32
-33
-25
-17
-16
-15
-11
-8
-4
-2
0
-1
-3
-4
-7
-9
-12
-16
4
7
16
16
17
23
21
16
15
13
5
0
-3
-1
-5
-8
-11
-11
-11
-8
-6
-6
-8
-7
-9
-10
-12
-14
-16
46
-35
-21
-23
-10
0
10
13
16
17
19
18
18
16
15
11
14
14
0
-6
-10
-17
-15
-17
-13
-15
-18
-15
-14
57
-127
-42
-34
-3
15
28
27
27
26
33
30
31
30
29
22
27
27
4
-10
-19
-32
-31
-36
-30
-36
-42
-37
-35
39
26
-14
-28
-20
-12
-2
5
9
12
10
9
9
7
5
1
3
4
-4
-7
-7
-10
-6
-7
-3
-3
-4
-1
0
9
14
-11
-20
-21
-18
-11
-6
-2
0
0
-1
-2
-2
-4
-4
-4
-3
-4
-2
0
1
3
4
6
7
9
10
11
2
-1
-5
-6
-7
-7
-6
-4
-2
-2
-1
-2
-3
-2
-3
-1
-1
-1
0
0
2
2
4
3
4
5
5
6
7
40
88
-26
-52
-38
-24
-10
2
10
13
11
9
8
4
0
-3
-1
-1
-10
-11
-8
-10
0
-1
7
9
10
15
22
-10
-3
1
2
2
1
0
-1
-2
-3
-4
-3
-4
-3
-2
-2
-2
-2
0
0
0
0
0
0
0
0
0
0
-2
-2
-21
-15
-5
-3
-3
-5
-6
-6
-7
-8
-8
-9
-7
-8
-7
-7
-7
-3
0
0
1
0
1
1
2
2
2
0
-3
46
0
-15
25
28
16
5
1
-7
-4
-8
-7
0
3
3
-2
0
18
16
12
9
8
4
1
-1
-4
-6
-8
-7
0
14
8
14
14
11
5
1
0
3
0
2
3
5
5
5
6
10
6
3
0
0
-2
-3
-5
-7
-9
-8
-61
59
-47
-39
-9
0
12
46
54
37
47
33
26
34
36
33
18
11
20
6
15
17
13
2
14
7
0
4
-21
-112
110
-59
-57
-23
-29
-23
63
70
48
73
64
52
72
61
60
30
19
39
5
28
26
12
-13
0
-20
-36
-29
-77
-38
6
-56
-30
-1
10
21
27
37
27
23
12
4
6
12
11
0
-9
-6
-10
-15
-11
-11
-14
-3
-5
-5
-6
-24
-1
-18
-46
-39
-27
-20
-9
-14
-10
-9
-12
-15
-13
-15
-9
-4
-6
-5
-5
-1
-5
3
7
12
17
23
26
29
28
-5
-2
-12
-20
-22
-21
-12
-13
-14
-12
-8
-10
-5
-5
-1
2
6
8
13
16
18
21
26
30
32
37
37
41
42
-40
-25
-81
-22
17
14
18
9
23
9
4
-12
-15
-12
7
18
-3
-11
-4
-6
-15
-3
5
5
25
23
27
31
2
-28
-12
7
9
2
1
-4
-12
-17
-16
-18
-14
-14
-14
-15
-17
-15
-13
-15
-15
-17
-17
-18
-19
-21
-25
-23
-24
-21
-43
-41
-15
-12
-18
-23
-24
-33
-38
-34
-33
-32
-29
-29
-27
-27
-22
-18
-17
-17
-19
-15
-15
-14
-13
-16
-15
-12
-8
-92
0
79
103
15
-10
-91
-78
-80
-74
-52
0
6
24
23
29
18
22
19
7
0
-18
-27
-52
-69
-98
-103
-114
-127
-20
62
34
6
-29
-38
-56
-27
-24
-28
-11
12
13
25
20
26
18
26
31
26
31
24
22
14
5
-3
-4
-6
-12
25
-27
3
13
29
22
2
-9
-16
-21
-15
-17
-24
-35
-36
-31
-29
-11
8
7
16
13
-1
5
-1
9
17
7
-28
14
-58
21
56
81
71
29
3
-13
-22
-12
-15
-35
-50
-48
-41
-26
10
31
24
45
42
23
41
26
57
83
70
18
42
-25
-26
-21
8
7
5
-1
-4
-7
-3
-4
-5
-12
-15
-11
-14
-6
14
14
14
6
-7
-6
-11
-12
-12
-25
-54
5
11
12
17
20
19
16
11
6
3
3
0
5
5
4
8
4
7
19
22
21
19
16
16
14
11
7
3
-6
3
12
12
12
8
6
1
0
-6
-8
-10
-12
-9
-10
-9
-8
-9
-7
-5
-2
0
0
0
2
2
2
0
1
0
103
-28
-39
-16
36
44
29
10
-5
-15
-14
-16
-16
-23
-25
-14
-15
0
36
39
42
35
14
15
10
8
3
-20
-61
19
3
-4
-3
1
5
11
14
13
15
15
14
14
14
16
14
14
7
4
3
1
2
4
4
5
2
1
3
5
-8
2
6
2
4
11
21
26
16
17
17
13
16
18
23
20
17
10
5
6
2
3
6
4
3
0
-3
-1
-1
-6
-33
-70
-64
-35
16
46
36
12
5
0
-12
-24
-15
-11
-12
3
-15
-60
-59
-53
-21
2
14
36
53
74
88
127
-4
-22
-21
-19
-17
-8
-9
-15
-16
-21
-24
-29
-35
-32
-34
-33
-22
-23
-39
-35
-27
-15
-5
2
9
27
39
48
63
-23
-7
-1
0
-6
6
6
-5
-8
0
-8
-3
6
-4
-4
-1
0
-4
-6
6
-1
1
19
18
9
11
8
7
67
-45
41
3
12
-6
8
16
-9
-13
1
-22
-17
0
-24
-24
-17
-11
-21
-24
2
-15
-8
32
33
23
29
27
25
127
4
-21
-2
-15
-16
0
-2
-6
-9
-4
-2
0
6
5
2
1
3
1
0
5
5
3
8
6
0
-1
-7
-10
30
-4
-10
7
2
5
12
9
10
10
10
12
13
11
17
12
7
7
5
4
1
2
-2
-7
-10
-14
-16
-20
-23
-17
2
-1
3
10
13
16
14
16
18
16
14
16
14
16
14
9
8
8
6
3
2
0
-2
-5
-6
-9
-9
-11
-12
21
-40
6
-33
-37
-4
-1
5
6
16
21
28
31
33
23
14
16
11
8
10
11
2
-1
-6
-23
-28
-42
-53
-6
15
-2
-7
-7
-8
-10
-8
-6
-2
-3
-1
-3
-3
-4
-4
-3
-3
-3
-3
-4
-2
-3
-4
-3
-2
0
-1
0
0
24
-7
-13
-6
-3
1
2
7
13
9
8
7
3
3
2
1
0
0
-2
-5
-3
-6
-9
-11
-10
-9
-9
-10
-10
100
-17
-7
-11
-21
-67
-29
12
33
42
44
42
38
14
0
0
6
2
0
-2
-7
-11
-16
-10
-14
-11
-18
-14
-16
13
-2
5
19
19
0
10
13
14
19
14
12
14
3
0
1
5
2
1
2
-2
-1
2
5
5
5
5
6
8
49
44
35
28
4
-17
-25
-41
-42
-47
-54
-53
-44
-43
-42
-45
-48
-54
-47
-44
-40
-42
-43
-42
-39
-45
-48
-44
-58
40
44
5
-11
-26
-33
-37
-63
-50
-52
-62
-63
-48
-54
-60
-70
-83
-94
-78
-71
-64
-67
-65
-63
-51
-62
-65
-59
-84
55
47
81
88
49
11
2
-5
-18
-33
-41
-44
-39
-36
-31
-27
-24
-22
-20
-17
-15
-15
-16
-17
-18
-21
-23
-22
-29
-18
28
52
64
54
25
12
5
-7
-17
-23
-23
-26
-24
-15
-10
-6
-6
-8
-7
-9
-10
-11
-15
-17
-20
-22
-21
-26
-17
-4
1
3
0
-7
-12
-14
-17
-18
-16
-15
-13
-12
-5
-4
-2
-4
-7
-7
-10
-10
-11
-13
-13
-13
-15
-16
-18
74
46
106
127
75
14
10
1
-20
-50
-67
-76
-68
-56
-36
-23
-13
-11
-10
-5
-5
-12
-21
-28
-34
-44
-52
-51
-63
5
0
-1
0
4
9
12
17
19
21
23
22
19
19
17
17
17
19
17
17
17
18
17
17
16
18
19
19
19
11
23
9
16
19
17
13
13
13
16
22
21
17
16
16
20
23
24
22
22
21
23
22
23
23
27
28
29
31
-7
-20
-47
-79
-51
22
54
52
63
51
48
25
24
27
44
47
50
62
70
68
61
52
40
31
30
31
26
11
-23
-38
-51
-77
-83
-58
-27
-20
-16
-1
6
13
15
18
19
24
19
11
10
13
13
10
7
4
4
8
3
0
-2
-15
42
-39
-24
-42
-52
-40
-25
-12
-1
3
9
14
1
19
21
20
18
21
15
12
12
20
7
10
12
12
14
15
-27
127
-41
-22
-79
-92
-76
-50
-27
-4
2
9
17
3
32
46
45
40
35
36
26
22
33
1
3
6
1
0
-1
-71
0
-28
4
0
-14
-13
-7
-2
4
11
15
18
9
14
8
5
6
9
3
0
3
11
9
14
15
19
24
28
0
8
10
17
12
3
-1
-4
-4
-1
3
4
4
4
0
-6
-8
-8
-7
-10
-10
-9
-6
-2
0
0
0
5
5
2
1
15
9
1
-2
-3
-6
-7
-7
-5
-5
-3
-3
-4
-7
-7
-7
-7
-8
-7
-7
-6
-6
-5
-5
-5
-3
-3
-3
-9
-6
41
30
2
-6
-4
-9
0
17
23
30
15
15
-5
-15
-15
-6
-20
-23
-16
0
0
15
20
33
47
57
24
11
27
22
21
19
13
11
7
2
0
0
0
1
0
0
1
2
2
3
5
5
4
5
6
5
5
6
6
6
22
90
66
41
33
21
12
5
0
0
0
0
1
0
-2
1
0
2
3
5
5
4
6
6
5
5
7
5
4
20
34
17
50
47
24
13
-16
-30
-19
-14
-7
3
-4
-12
-18
-26
-26
-22
-12
2
6
9
23
31
42
49
58
65
24
-6
-22
-11
-10
-7
-5
-11
-14
-14
-15
-14
-11
-10
-4
-1
-2
-6
-3
0
0
0
-8
-7
-6
-5
-6
-6
-7
-37
7
69
-60
93
-127
-13
