-0.8373
-0.6591
-0.7633
0.6921
0.5998
0.7916
0.1994
-0.2047
0.4412
0.2181
0.2438
0.5387
-0.2148
0.6208
0.9488
0.8073
1.0026
1.1493
0.6295
0.1190
0.7393
-0.6487
-0.6321
-0.4041
-0.7928
-0.8152
-0.6389
-1.1592
-0.3513
0.1078
0.4404
0.7493
0.2875
0.2199
0.4013
0.1420
-0.0058
0.1790
-0.3235
-0.0946
-0.0356
-0.1313
-0.5633
0.3475
0.4595
-0.6099
0.2996
0.1632
-0.2840
-0.0681
-0.1903
-1.1145
0.6423
0.6311
0.6851
-0.9050
-0.7643
.0471
-1.1427
-1.1547
0.5968
0.3900
0.0153
0.0963
0.3966
0.3562
-0.4537
-0.6783
-0.1228
-0.8324
-0.3187
0.1940
-0.3812
-0.5801
0.1205
-0.3437
0.3473
0.2972
0.5357
-0.0040
0.5755
0.5885
-0.4335
0.1124
-0.2295
-0.0077
0.0676
-0.1902
-0.5232
0.4980
-1.5273
1.6194
-0.1000
-0.0237
-0.7215
-1.2576
0.8222
0.7399
-0.0405
-0.1936
0.0000
1.0579
-0.1978
0.1406
0.0000
0.0624
-0.0594
-0.6384
1.4818
1.1512
0.1230
1.1346
-0.2128
0.3966
-0.2857
-0.3631
1.9021
1.2259
0.0000
-0.0234
0.1083
0.2843
0.0000
0.0311
-0.4086
0.4910
0.2101
-0.4910
-0.5326
0.1285
-0.1078
0.6661
0.2107
-0.4801
0.3808
0.7751
-0.1317
0.6782
-0.2909
-0.0651
-0.5771
-0.4751
-0.3415
0.0887
0.4331
-0.0910
-0.2302
-0.8371
0.1085
-0.1038
0.8230
-0.0176
-0.5425
-0.3734
0.0507
1.0986
0.4427
-0.4052
-0.1190
-1.2104
0.0742
-0.3762
-0.5106
-0.1065
0.2491
0.1382
-0.3480
-0.5680
0.0947
0.3909
0.4871
-0.3061
-0.3634
-1.3372
0.1315
-0.3879
-0.2985
1.6105
0.0825
-0.1306
0.8332
-0.4846
0.2835
0.5305
-0.0610
-0.3562
-0.1380
0.0502
0.1928
-0.1236
-0.0633
0.1013
-0.0900
0.1689
-3.6409e-01
2.6985e-01
3.2157e-01
3.6708e-01
2.6121e-01
1.0494e-01
6.1063e-03
-2.0400e-02
-6.2066e-02
-8.1032e-02
-9.3657e-02
-8.5136e-02
-7.2881e-02
-5.8536e-02
-6.0298e-02
-4.3847e-02
-2.5481e-02
-3.2360e-02
-1.5826e-02
6.0477e-03
1.7808e-02
2.6291e-02
1.7203e-02
3.0329e-02
2.3999e-02
2.8835e-02
5.3449e-02
6.1759e-02
7.4405e-02
-4.4496e-01
5.3699e-01
4.6839e-01
5.1310e-01
3.3648e-01
8.8030e-02
-2.6446e-02
-6.7526e-02
-1.3779e-01
-1.5132e-01
-1.6880e-01
-1.6991e-01
-1.6355e-01
-1.1980e-01
-1.4008e-01
-1.1879e-01
-9.9280e-02
-8.5499e-02
-6.2880e-02
5.6581e-03
4.2654e-02
6.1755e-02
3.6314e-02
6.9499e-02
5.3812e-02
6.4585e-02
9.8844e-02
9.1306e-02
1.0414e-01
-4.6271e-01
3.2258e-02
1.8048e-01
2.6360e-01
1.7270e-01
5.1449e-02
-2.0045e-02
-4.7726e-02
-7.8894e-02
-9.2064e-02
-8.5348e-02
-7.1407e-02
-5.1222e-02
-3.6970e-02
-4.4873e-03
1.9413e-02
3.7120e-02
2.6297e-02
3.3380e-02
3.7766e-02
3.3240e-02
4.7234e-02
4.3553e-02
5.4379e-02
5.8031e-02
5.6521e-02
8.8329e-02
1.1045e-01
1.2842e-01
-4.1746e-02
-1.2593e-01
-5.9774e-02
-6.2949e-03
-4.4254e-03
-7.0731e-03
-1.5334e-02
-2.0442e-02
-2.1151e-02
-2.4691e-02
-1.4791e-02
-6.5346e-03
1.7980e-03
-1.8225e-03
2.5175e-02
3.2507e-02
3.6100e-02
2.7062e-02
1.8288e-02
1.6596e-03
-1.3001e-02
-1.5543e-02
-1.7418e-02
-1.6825e-02
-1.5423e-02
-1.4380e-02
-7.7258e-03
5.2115e-03
1.5958e-02
-3.3076e-04
-7.4860e-02
-3.5453e-02
-1.4863e-02
7.7830e-03
2.7359e-02
3.9198e-02
3.7000e-02
3.7100e-02
3.7616e-02
3.6212e-02
3.0654e-02
2.6996e-02
1.1682e-02
1.4749e-02
9.7011e-03
3.5429e-03
-6.9177e-03
-1.1218e-02
-2.3032e-02
-3.2378e-02
-3.4973e-02
-3.7459e-02
-4.1136e-02
-4.1102e-02
-4.6283e-02
-4.4953e-02
-4.3595e-02
-4.0971e-02
-7.8022e-01
-2.5768e-01
1.0093e-01
2.7502e-01
1.4542e-01
1.4655e-03
-7.7932e-02
-8.2833e-02
-1.1657e-01
-1.4248e-01
-1.3267e-01
-1.1714e-01
-7.6653e-02
-6.3999e-02
1.3625e-02
4.7548e-02
6.8743e-02
3.1233e-02
2.6648e-02
8.4652e-03
-2.6005e-02
-1.5043e-02
-2.0475e-02
-1.6647e-02
-9.5526e-03
-1.5245e-02
2.5236e-02
7.7659e-02
1.3185e-01
-6.5995e-02
-5.4544e-02
-6.9131e-02
-7.9506e-02
-6.7014e-02
-4.9082e-02
-3.7368e-02
-2.5586e-02
-1.4871e-02
-3.4650e-03
-5.6821e-03
-9.8308e-04
-1.6028e-03
-1.1023e-03
2.1653e-03
-5.5636e-03
-6.2003e-03
-2.5682e-03
-6.3225e-05
-3.1046e-03
-8.9676e-04
-2.4757e-03
4.1779e-03
3.8283e-03
3.6980e-03
5.3536e-03
-3.2413e-03
-3.2403e-03
-8.5452e-03
-1.0968e-01
-1.2811e-01
-8.9923e-02
-1.0592e-01
-1.0981e-01
-8.6052e-02
-6.1215e-02
-4.1634e-02
-1.8809e-02
-4.2527e-03
5.7613e-03
1.4787e-02
1.9148e-02
1.3483e-02
1.7411e-02
4.8433e-03
6.0236e-03
7.3102e-03
9.2113e-03
-1.0534e-03
-5.8744e-04
2.0177e-03
1.2543e-02
2.8794e-03
1.4010e-02
9.9183e-03
5.3205e-03
6.3260e-03
4.9470e-03
-3.9370e-01
-2.0305e-01
8.2281e-02
4.6834e-02
-4.2977e-02
5.5911e-02
2.3534e-02
-4.9048e-02
-3.1078e-02
-4.7199e-02
-1.4478e-01
-1.9996e-01
-2.0479e-01
-1.5976e-01
-1.0748e-01
-1.0428e-01
-9.7943e-02
-7.0817e-02
-5.5182e-02
-2.5944e-02
-1.4945e-02
-2.6378e-03
-1.2049e-02
-2.0656e-02
-2.7781e-02
-4.7426e-02
-6.0521e-02
-7.9490e-02
-9.9564e-02
3.0731e-02
4.9102e-02
1.0162e-01
1.0333e-01
1.1030e-01
1.4148e-01
1.3006e-01
1.0099e-01
9.6739e-02
8.1685e-02
3.3282e-02
2.9745e-03
-1.9555e-02
-1.0327e-02
-3.0902e-02
-5.3038e-02
-7.1643e-02
-6.9340e-02
-6.9368e-02
-5.1048e-02
-4.2648e-02
-3.7993e-02
-5.1526e-02
-4.8843e-02
-5.6467e-02
-6.7089e-02
-7.4283e-02
-9.0396e-02
-1.0055e-01
3.2332e-01
-2.4291e-01
-1.4618e-01
-1.6378e-01
-7.1178e-02
1.8810e-03
6.9893e-02
9.3058e-02
1.1451e-01
1.2505e-01
1.3282e-01
1.2515e-01
1.2752e-01
1.1520e-01
1.0871e-01
7.8675e-02
1.0070e-01
1.0166e-01
4.3395e-03
-4.6779e-02
-7.3759e-02
-1.2281e-01
-1.0574e-01
-1.2490e-01
-9.2979e-02
-1.1040e-01
-1.2875e-01
-1.0702e-01
-1.0246e-01
3.9670e-01
-8.8026e-01
-2.9509e-01
-2.4213e-01
-2.7313e-02
1.0930e-01
1.9898e-01
1.8881e-01
1.8967e-01
1.8222e-01
2.3423e-01
2.1112e-01
2.1707e-01
2.1142e-01
2.0724e-01
1.5744e-01
1.9056e-01
1.9154e-01
2.8299e-02
-7.1462e-02
-1.3716e-01
-2.2430e-01
-2.2164e-01
-2.5638e-01
-2.1388e-01
-2.5136e-01
-2.9183e-01
-2.6340e-01
-2.4820e-01
2.7683e-01
1.8520e-01
-1.0102e-01
-2.0074e-01
-1.4506e-01
-8.4726e-02
-1.6791e-02
3.5549e-02
6.9518e-02
8.4063e-02
7.2323e-02
6.7852e-02
6.4824e-02
5.0311e-02
3.8746e-02
1.3356e-02
2.4688e-02
3.1389e-02
-2.8018e-02
-5.0840e-02
-5.0790e-02
-7.5481e-02
-4.3243e-02
-5.2120e-02
-2.6547e-02
-2.6945e-02
-3.3600e-02
-1.3519e-02
-4.4246e-03
6.6343e-02
9.8327e-02
-8.2569e-02
-1.4533e-01
-1.5013e-01
-1.2926e-01
-8.1275e-02
-4.3823e-02
-1.6131e-02
-4.2156e-03
-4.3886e-03
-9.2344e-03
-1.6254e-02
-2.0392e-02
-3.1795e-02
-3.0482e-02
-2.9966e-02
-2.5860e-02
-3.0786e-02
-1.4547e-02
2.2825e-04
9.5856e-03
2.6910e-02
3.4063e-02
4.4117e-02
5.4864e-02
6.4332e-02
7.2383e-02
8.0912e-02
1.9787e-02
-8.0235e-03
-3.8655e-02
-4.5685e-02
-5.1641e-02
-5.3572e-02
-4.5029e-02
-3.2638e-02
-2.0997e-02
-1.6181e-02
-1.0571e-02
-1.7109e-02
-2.1794e-02
-1.7946e-02
-2.2595e-02
-1.2672e-02
-1.1082e-02
-9.5292e-03
1.7666e-03
7.2584e-03
1.9118e-02
1.7696e-02
3.0444e-02
2.6339e-02
3.1017e-02
3.6521e-02
4.1411e-02
4.4026e-02
5.0426e-02
2.8110e-01
6.1650e-01
-1.8653e-01
-3.6387e-01
-2.6568e-01
-1.7209e-01
-7.0581e-02
1.7602e-02
7.1408e-02
9.3694e-02
7.7178e-02
6.8130e-02
5.7949e-02
3.3600e-02
2.5903e-03
-2.1582e-02
-1.3131e-02
-1.3347e-02
-7.2829e-02
-7.9524e-02
-5.6326e-02
-7.6067e-02
4.6424e-03
-1.1494e-02
4.8823e-02
6.3913e-02
7.5566e-02
1.0824e-01
1.5353e-01
-7.5603e-02
-2.3633e-02
1.3094e-02
2.0857e-02
1.8945e-02
1.2323e-02
-5.2916e-03
-1.3503e-02
-1.8013e-02
-2.2990e-02
-3.1851e-02
-2.6874e-02
-3.1750e-02
-2.1383e-02
-2.0033e-02
-1.8100e-02
-2.0750e-02
-1.9819e-02
-6.5221e-03
3.1887e-03
-1.8743e-03
6.4406e-03
9.4011e-04
3.9392e-03
-2.9530e-03
-1.1048e-04
8.3396e-04
-4.4609e-03
-1.6669e-02
-1.6856e-02
-1.5165e-01
-1.0732e-01
-4.1069e-02
-2.1656e-02
-2.3848e-02
-3.7044e-02
-4.3583e-02
-4.3997e-02
-5.1760e-02
-5.8703e-02
-6.2222e-02
-6.3655e-02
-4.9441e-02
-5.7308e-02
-4.9929e-02
-5.5020e-02
-5.3261e-02
-2.5553e-02
-6.9179e-03
-1.5232e-03
8.8267e-03
1.9705e-03
1.3827e-02
1.0691e-02
1.6432e-02
1.6111e-02
1.4544e-02
2.9572e-03
-2.7197e-02
3.2439e-01
-4.9549e-03
-1.0856e-01
1.7367e-01
2.0027e-01
1.1617e-01
3.4911e-02
7.7580e-03
-5.3569e-02
-3.3469e-02
-6.2750e-02
-5.5543e-02
-6.1423e-03
2.1621e-02
2.1970e-02
-1.8159e-02
7.1388e-03
1.3021e-01
1.1368e-01
8.9486e-02
6.3766e-02
5.7975e-02
2.8421e-02
7.6272e-03
-7.3232e-03
-3.2433e-02
-4.5213e-02
-5.9672e-02
-5.3180e-02
-5.8086e-03
1.0329e-01
5.7707e-02
1.0225e-01
9.9909e-02
7.8793e-02
3.6792e-02
1.1204e-02
-2.5020e-03
2.4762e-02
6.5282e-03
1.4862e-02
2.1369e-02
3.9769e-02
3.8873e-02
3.4917e-02
4.7253e-02
7.6170e-02
4.6482e-02
2.6864e-02
6.1358e-03
4.5753e-03
-1.4806e-02
-2.3120e-02
-3.9192e-02
-5.3140e-02
-6.3254e-02
-6.0296e-02
-0.1912
0.1844
-0.1464
-0.1237
-0.0299
-0.0024
0.0401
0.1450
0.1682
0.1164
0.1471
0.1039
0.0818
0.1071
0.1116
0.1042
0.0571
0.0357
0.0632
0.0194
0.0473
0.0539
0.0411
0.0085
0.0462
0.0244
0.0026
0.0145
-0.0654
-0.3478
0.3432
-0.1837
-0.1776
-0.0717
-0.0926
-0.0731
0.1957
0.2196
0.1493
0.2287
0.2003
0.1636
0.2253
0.1914
0.1863
0.0949
0.0617
0.1217
0.0175
0.0878
0.0829
0.0396
-0.0415
0.0026
-0.0649
-0.1142
-0.0914
-0.2408
-0.1193
0.0194
-0.1758
-0.0959
-0.0050
0.0334
0.0655
0.0853
0.1148
0.0855
0.0719
0.0377
0.0142
0.0199
0.0390
0.0369
-0.0026
-0.0304
-0.0213
-0.0340
-0.0495
-0.0351
-0.0355
-0.0459
-0.0101
-0.0172
-0.0174
-0.0211
-0.0754
-0.0055
-0.0570
-0.1440
-0.1219
-0.0863
-0.0642
-0.0292
-0.0459
-0.0327
-0.0288
-0.0377
-0.0490
-0.0422
-0.0480
-0.0303
-0.0154
-0.0196
-0.0181
-0.0178
-0.0063
-0.0162
0.0098
0.0234
0.0400
0.0545
0.0718
0.0824
0.0921
0.0881
-0.0182
-0.0065
-0.0401
-0.0639
-0.0682
-0.0673
-0.0392
-0.0427
-0.0436
-0.0385
-0.0279
-0.0330
-0.0178
-0.0157
-0.0054
0.0088
0.0190
0.0279
0.0415
0.0512
0.0559
0.0681
0.0812
0.0955
0.1020
0.1160
0.1152
0.1296
0.1313
-0.1265
-0.0786
-0.2515
-0.0689
0.0556
0.0455
0.0563
0.0300
0.0714
0.0307
0.0148
-0.0384
-0.0478
-0.0376
0.0232
0.0572
-0.0117
-0.0356
-0.0154
-0.0191
-0.0468
-0.0098
0.0169
0.0159
0.0782
0.0735
0.0840
0.0979
0.0086
-0.0881
-0.0384
0.0242
0.0295
0.0065
0.0036
-0.0155
-0.0386
-0.0536
-0.0500
-0.0562
-0.0462
-0.0457
-0.0464
-0.0481
-0.0535
-0.0488
-0.0413
-0.0466
-0.0474
-0.0538
-0.0538
-0.0573
-0.0608
-0.0655
-0.0780
-0.0718
-0.0757
-0.0668
-0.1340
-0.1273
-0.0485
-0.0381
-0.0575
-0.0736
-0.0773
-0.1048
-0.1205
-0.1073
-0.1048
-0.0999
-0.0899
-0.0919
-0.0856
-0.0859
-0.0700
-0.0563
-0.0532
-0.0532
-0.0595
-0.0474
-0.0497
-0.0454
-0.0427
-0.0517
-0.0467
-0.0394
-0.0280
-0.2862
0.0009
0.2469
0.3217
0.0480
-0.0314
-0.2841
-0.2431
-0.2499
-0.2314
-0.1613
0.0027
0.0196
0.0764
0.0714
0.0903
0.0568
0.0695
0.0612
0.0237
-0.0006
-0.0571
-0.0865
-0.1611
-0.2163
-0.3042
-0.3191
-0.3544
-0.3931
-0.0647
0.1941
0.1082
0.0196
-0.0927
-0.1191
-0.1750
-0.0854
-0.0772
-0.0872
-0.0347
0.0382
0.0405
0.0800
0.0639
0.0819
0.0581
0.0817
0.0990
0.0810
0.0973
0.0771
0.0707
0.0443
0.0175
-0.0104
-0.0135
-0.0192
-0.0400
0.0867
-0.0937
0.0105
0.0461
0.1005
0.0765
0.0093
-0.0336
-0.0574
-0.0738
-0.0513
-0.0594
-0.0837
-0.1201
-0.1223
-0.1086
-0.0997
-0.0395
0.0293
0.0265
0.0570
0.0451
-0.0066
0.0181
-0.0058
0.0312
0.0606
0.0247
-0.0950
0.0499
-0.1977
0.0715
0.1922
0.2761
0.2425
0.1003
0.0109
-0.0450
-0.0773
-0.0424
-0.0543
-0.1197
-0.1713
-0.1655
-0.1400
-0.0899
0.0365
0.1077
0.0831
0.1548
0.1441
0.0788
0.1408
0.0899
0.1967
0.2818
0.2385
0.0626
0.1452
-0.0874
-0.0914
-0.0722
0.0306
0.0269
0.0182
-0.0050
-0.0167
-0.0269
-0.0119
-0.0142
-0.0193
-0.0427
-0.0539
-0.0401
-0.0489
-0.0215
0.0494
0.0500
0.0492
0.0232
-0.0250
-0.0213
-0.0405
-0.0414
-0.0421
-0.0855
-0.1856
0.0190
0.0378
0.0422
0.0585
0.0699
0.0646
0.0546
0.0405
0.0232
0.0136
0.0108
0.0034
0.0200
0.0180
0.0162
0.0277
0.0161
0.0261
0.0671
0.0774
0.0741
0.0676
0.0552
0.0551
0.0496
0.0392
0.0246
0.0104
-0.0204
0.0109
0.0408
0.0421
0.0412
0.0302
0.0216
0.0068
0.0006
-0.0234
-0.0293
-0.0356
-0.0409
-0.0313
-0.0373
-0.0316
-0.0292
-0.0315
-0.0248
-0.0192
-0.0078
0.0011
0.0015
0.0018
0.0085
0.0092
0.0077
0.0033
0.0049
-0.0015
0.3513
-0.0960
-0.1326
-0.0549
0.1232
0.1516
0.0990
0.0362
-0.0188
-0.0519
-0.0476
-0.0567
-0.0549
-0.0811
-0.0882
-0.0490
-0.0525
0.0009
0.1243
0.1328
0.1434
0.1192
0.0502
0.0530
0.0345
0.0306
0.0113
-0.0684
-0.2082
0.0657
0.0136
-0.0160
-0.0122
0.0054
0.0203
0.0390
0.0491
0.0444
0.0528
0.0516
0.0486
0.0491
0.0505
0.0564
0.0507
0.0486
0.0270
0.0138
0.0128
0.0064
0.0084
0.0165
0.0145
0.0193
0.0095
0.0057
0.0108
0.0201
-0.0283
0.0092
0.0209
0.0100
0.0170
0.0376
0.0745
0.0883
0.0561
0.0608
0.0583
0.0457
0.0548
0.0642
0.0794
0.0691
0.0607
0.0349
0.0191
0.0228
0.0084
0.0114
0.0207
0.0152
0.0129
0.0011
-0.0103
-0.0053
-0.0063
-0.0217
-0.1131
-0.2381
-0.2198
-0.1218
0.0560
0.1588
0.1248
0.0422
0.0194
-0.0017
-0.0417
-0.0828
-0.0517
-0.0406
-0.0430
0.0127
-0.0535
-0.2051
-0.2019
-0.1818
-0.0734
0.0075
0.0499
0.1224
0.1813
0.2540
0.3009
0.4304
-0.0153
-0.0750
-0.0732
-0.0646
-0.0610
-0.0291
-0.0337
-0.0533
-0.0568
-0.0733
-0.0842
-0.0995
-0.1210
-0.1107
-0.1176
-0.1125
-0.0772
-0.0799
-0.1333
-0.1208
-0.0938
-0.0524
-0.0174
0.0084
0.0320
0.0920
0.1356
0.1656
0.2155
-1.5495e-01
-4.8951e-02
-1.2669e-02
-4.2128e-03
-4.3847e-02
4.0956e-02
4.5473e-02
-3.4621e-02
-5.5962e-02
3.8651e-03
-5.3534e-02
-2.3830e-02
3.9675e-02
-2.9294e-02
-3.0300e-02
-9.0403e-03
-9.8037e-04
-2.8064e-02
-4.5666e-02
4.4757e-02
-9.1970e-03
7.7532e-03
1.2727e-01
1.2232e-01
6.4567e-02
7.7712e-02
5.8166e-02
4.7403e-02
4.4718e-01
-3.0016e-01
2.7339e-01
2.2655e-02
8.4592e-02
-4.4904e-02
5.9071e-02
1.0680e-01
-5.9660e-02
-9.1197e-02
8.5943e-03
-1.4856e-01
-1.1276e-01
2.4593e-03
-1.5968e-01
-1.5908e-01
-1.1425e-01
-7.4959e-02
-1.3851e-01
-1.6182e-01
1.8052e-02
-1.0299e-01
-5.9262e-02
2.1493e-01
2.2112e-01
1.5530e-01
1.9225e-01
1.8018e-01
1.6764e-01
8.3543e-01
3.1559e-02
-1.3952e-01
-1.9613e-02
-1.0258e-01
-1.0826e-01
8.8733e-04
-1.5945e-02
-4.4841e-02
-6.4221e-02
-2.6762e-02
-1.6544e-02
8.2537e-04
3.9710e-02
3.4226e-02
1.8149e-02
1.1702e-02
2.0695e-02
9.8995e-03
1.8056e-03
3.4644e-02
3.3601e-02
2.4730e-02
5.5494e-02
4.5027e-02
-4.6485e-03
-8.2126e-03
-4.6758e-02
-6.8022e-02
2.0249e-01
-2.9262e-02
-6.9035e-02
4.6340e-02
1.3583e-02
3.3521e-02
8.1529e-02
6.0921e-02
6.9532e-02
7.0195e-02
7.0991e-02
8.1804e-02
9.0282e-02
7.7934e-02
1.1257e-01
8.4360e-02
4.7989e-02
4.6467e-02
3.7307e-02
3.0193e-02
7.6332e-03
1.6924e-02
-1.9951e-02
-5.1047e-02
-7.1545e-02
-9.2498e-02
-1.0976e-01
-1.3263e-01
-1.5342e-01
-1.1579e-01
1.5634e-02
-1.2603e-02
2.4139e-02
6.9773e-02
9.1885e-02
1.0796e-01
9.3630e-02
1.0717e-01
1.1988e-01
1.1143e-01
9.8294e-02
1.0805e-01
9.3323e-02
1.0705e-01
9.3016e-02
6.5426e-02
5.6449e-02
5.3730e-02
4.1091e-02
2.5177e-02
1.7159e-02
-8.1516e-05
-1.9956e-02
-3.6514e-02
-4.4350e-02
-6.0875e-02
-6.2545e-02
-7.8105e-02
-8.4211e-02
1.3929e-01
-2.6583e-01
4.3022e-02
-2.1813e-01
-2.4511e-01
-2.8717e-02
-8.9231e-03
3.7885e-02
4.2078e-02
1.1197e-01
1.3898e-01
1.8569e-01
2.0944e-01
2.1862e-01
1.5673e-01
9.3144e-02
1.0582e-01
7.4557e-02
5.6150e-02
7.1839e-02
7.5779e-02
1.7693e-02
-7.2664e-03
-4.2206e-02
-1.5448e-01
-1.9085e-01
-2.8042e-01
-3.4942e-01
-4.5941e-02
1.0194e-01
-1.3743e-02
-4.9738e-02
-5.1105e-02
-5.7993e-02
-6.8783e-02
-5.7499e-02
-4.2857e-02
-1.7420e-02
-2.4946e-02
-1.2795e-02
-2.4150e-02
-2.3781e-02
-2.9160e-02
-3.0328e-02
-2.4502e-02
-2.1755e-02
-2.1385e-02
-2.2302e-02
-2.9156e-02
-1.8626e-02
-2.3861e-02
-3.1275e-02
-2.5149e-02
-1.9596e-02
-4.4333e-03
-7.5599e-03
-3.9772e-04
-2.2571e-03
1.6234e-01
-5.2207e-02
-8.8978e-02
-4.2990e-02
-2.1925e-02
9.1242e-03
1.6654e-02
4.8234e-02
8.9843e-02
6.1835e-02
5.9113e-02
5.0229e-02
2.5911e-02
2.5651e-02
1.6230e-02
8.0389e-03
4.0656e-03
-3.5273e-03
-1.4935e-02
-3.5655e-02
-2.3356e-02
-4.5793e-02
-6.5307e-02
-7.2853e-02
-7.1582e-02
-6.2458e-02
-6.1268e-02
-6.8446e-02
-6.7343e-02
6.5853e-01
-1.1392e-01
-4.7147e-02
-7.4089e-02
-1.4309e-01
-4.4117e-01
-1.9598e-01
8.3951e-02
2.1903e-01
2.8062e-01
2.9452e-01
2.8131e-01
2.5308e-01
9.7408e-02
5.2046e-03
1.1695e-03
4.2747e-02
1.6669e-02
-1.7250e-03
-1.5770e-02
-5.0841e-02
-7.5614e-02
-1.0726e-01
-6.9715e-02
-9.7625e-02
-7.7042e-02
-1.1881e-01
-9.7508e-02
-1.0759e-01
9.1778e-02
-1.6111e-02
3.9312e-02
1.3108e-01
1.2785e-01
3.3406e-03
7.0989e-02
8.7667e-02
9.2905e-02
1.2983e-01
9.7719e-02
8.0658e-02
9.2898e-02
2.1133e-02
5.6739e-03
1.0281e-02
3.8213e-02
1.9419e-02
9.0283e-03
1.8718e-02
-1.6384e-02
-7.5273e-03
1.7732e-02
3.4104e-02
3.7510e-02
3.8195e-02
3.6044e-02
4.0043e-02
5.5169e-02
0.1158
0.1030
0.0826
0.0658
0.0106
-0.0412
-0.0592
-0.0971
-0.0987
-0.1117
-0.1271
-0.1255
-0.1024
-0.1011
-0.0998
-0.1059
-0.1140
-0.1258
-0.1114
-0.1028
-0.0947
-0.0989
-0.1021
-0.0991
-0.0912
-0.1057
-0.1127
-0.1044
-0.1371
0.0940
0.1036
0.0133
-0.0276
-0.0624
-0.0780
-0.0861
-0.1487
-0.1169
-0.1223
-0.1459
-0.1486
-0.1135
-0.1265
-0.1399
-0.1646
-0.1950
-0.2197
-0.1824
-0.1657
-0.1490
-0.1566
-0.1535
-0.1479
-0.1206
-0.1463
-0.1513
-0.1378
-0.1961
0.1297
0.1112
0.1893
0.2050
0.1156
0.0272
0.0066
-0.0126
-0.0426
-0.0777
-0.0960
-0.1032
-0.0919
-0.0852
-0.0722
-0.0644
-0.0575
-0.0534
-0.0478
-0.0405
-0.0351
-0.0358
-0.0389
-0.0408
-0.0422
-0.0511
-0.0551
-0.0526
-0.0690
-0.0439
0.0662
0.1232
0.1492
0.1259
0.0592
0.0290
0.0137
-0.0176
-0.0405
-0.0539
-0.0545
-0.0623
-0.0573
-0.0366
-0.0240
-0.0152
-0.0141
-0.0199
-0.0170
-0.0215
-0.0247
-0.0279
-0.0371
-0.0419
-0.0474
-0.0516
-0.0510
-0.0618
-0.0409
-0.0104
0.0034
0.0085
-0.0008
-0.0178
-0.0289
-0.0346
-0.0397
-0.0423
-0.0386
-0.0351
-0.0323
-0.0280
-0.0135
-0.0095
-0.0066
-0.0106
-0.0170
-0.0169
-0.0241
-0.0237
-0.0271
-0.0306
-0.0309
-0.0322
-0.0357
-0.0380
-0.0426
0.1738
0.1072
0.2467
0.2953
0.1767
0.0330
0.0248
0.0046
-0.0470
-0.1165
-0.1570
-0.1768
-0.1591
-0.1325
-0.0842
-0.0546
-0.0323
-0.0273
-0.0240
-0.0130
-0.0133
-0.0281
-0.0494
-0.0659
-0.0812
-0.1025
-0.1220
-0.1205
-0.1485
0.0126
0.0016
-0.0031
-0.0012
0.0097
0.0215
0.0287
0.0397
0.0448
0.0489
0.0554
0.0516
0.0457
0.0445
0.0398
0.0415
0.0414
0.0455
0.0413
0.0408
0.0400
0.0421
0.0404
0.0402
0.0394
0.0431
0.0451
0.0444
0.0453
0.0260
0.0539
0.0212
0.0392
0.0463
0.0412
0.0316
0.0311
0.0323
0.0394
0.0516
0.0491
0.0400
0.0391
0.0390
0.0480
0.0554
0.0579
0.0525
0.0515
0.0509
0.0547
0.0517
0.0557
0.0539
0.0645
0.0658
0.0675
0.0744
-0.0178
-0.0475
-0.1116
-0.1858
-0.1208
0.0530
0.1264
0.1216
0.1475
0.1188
0.1131
0.0598
0.0565
0.0636
0.1027
0.1108
0.1178
0.1464
0.1633
0.1586
0.1430
0.1223
0.0954
0.0736
0.0720
0.0727
0.0613
0.0258
-0.0553
-0.0894
-0.1200
-0.1810
-0.1952
-0.1351
-0.0631
-0.0471
-0.0391
-0.0044
0.0150
0.0304
0.0356
0.0432
0.0454
0.0575
0.0445
0.0267
0.0247
0.0315
0.0317
0.0237
0.0163
0.0112
0.0108
0.0194
0.0090
-0.0004
-0.0064
-0.0352
1.8562e-01
-1.7365e-01
-1.0482e-01
-1.8371e-01
-2.2883e-01
-1.7779e-01
-1.1202e-01
-5.2626e-02
-8.7876e-03
1.6510e-02
4.0560e-02
6.4643e-02
6.4207e-03
8.7179e-02
9.3575e-02
8.9927e-02
8.1686e-02
9.1797e-02
6.9803e-02
5.6432e-02
5.6663e-02
8.9557e-02
3.1813e-02
4.7378e-02
5.3971e-02
5.5021e-02
6.1414e-02
6.5339e-02
-1.2112e-01
5.5293e-01
-1.8060e-01
-9.9270e-02
-3.4422e-01
-4.0312e-01
-3.3225e-01
-2.2041e-01
-1.1886e-01
-2.0293e-02
1.0174e-02
4.2554e-02
7.5540e-02
1.4324e-02
1.4097e-01
2.0404e-01
1.9747e-01
1.7528e-01
1.5612e-01
1.5765e-01
1.1531e-01
9.8049e-02
1.4717e-01
8.3245e-03
1.6644e-02
3.0381e-02
6.5597e-03
-3.3588e-03
-6.1513e-03
-3.1337e-01
-9.5073e-04
-1.2275e-01
1.8261e-02
1.2769e-03
-6.1663e-02
-6.0657e-02
-3.4985e-02
-1.0760e-02
1.8827e-02
5.2282e-02
6.9148e-02
8.1157e-02
4.3575e-02
6.3351e-02
3.6660e-02
2.2722e-02
2.7299e-02
4.1835e-02
1.4849e-02
4.1384e-03
1.6621e-02
5.0526e-02
4.0363e-02
6.2940e-02
6.8425e-02
8.6608e-02
1.0538e-01
1.2588e-01
2.2219e-03
3.7612e-02
4.4469e-02
7.8376e-02
5.5086e-02
1.7098e-02
-6.0154e-03
-1.8491e-02
-1.9508e-02
-7.9035e-03
1.3316e-02
1.8461e-02
2.1248e-02
1.9299e-02
-1.3261e-03
-2.8478e-02
-3.9326e-02
-3.9195e-02
-3.4248e-02
-4.3819e-02
-4.5451e-02
-4.1826e-02
-2.6893e-02
-1.1180e-02
-2.5753e-03
-2.9779e-04
2.0249e-03
2.2734e-02
2.5234e-02
1.0319e-02
7.7165e-03
6.5393e-02
4.2405e-02
5.5802e-03
-9.8370e-03
-1.5316e-02
-3.0132e-02
-3.1355e-02
-3.2021e-02
-2.3091e-02
-2.2135e-02
-1.4591e-02
-1.3816e-02
-1.8673e-02
-3.0778e-02
-3.2795e-02
-3.1565e-02
-3.0810e-02
-3.7427e-02
-3.3223e-02
-3.4568e-02
-2.8844e-02
-2.8529e-02
-2.5093e-02
-2.4897e-02
-2.4077e-02
-1.3852e-02
-1.7117e-02
-1.5559e-02
-4.2356e-02
-2.6617e-02
1.8043e-01
1.3238e-01
1.0421e-02
-2.9502e-02
-1.7939e-02
-4.3525e-02
4.2829e-03
7.7443e-02
1.0323e-01
1.3359e-01
6.7366e-02
6.6599e-02
-2.3864e-02
-6.9169e-02
-6.5609e-02
-2.8905e-02
-9.0526e-02
-1.0214e-01
-7.1089e-02
-3.1991e-03
-5.4924e-04
6.9373e-02
8.7255e-02
1.4635e-01
2.0813e-01
2.5108e-01
1.0809e-01
5.0290e-02
1.1942e-01
9.6681e-02
9.3743e-02
8.4836e-02
5.9129e-02
4.8289e-02
3.0618e-02
1.2874e-02
4.3683e-03
1.4504e-03
2.5251e-03
7.6504e-03
-4.9075e-04
-2.8120e-04
8.1917e-03
9.4960e-03
1.1643e-02
1.4600e-02
2.1976e-02
2.5498e-02
2.1069e-02
2.4289e-02
2.6705e-02
2.4903e-02
2.4635e-02
2.8547e-02
2.8027e-02
2.7351e-02
9.6112e-02
3.9494e-01
2.9081e-01
1.8254e-01
1.4538e-01
9.2333e-02
5.4095e-02
2.4741e-02
-8.2981e-04
-3.9668e-03
-4.3244e-03
-5.6983e-04
6.6861e-03
7.5362e-04
-9.9185e-03
4.7521e-03
3.4996e-03
1.0917e-02
1.5473e-02
2.5345e-02
2.1920e-02
2.1251e-02
2.6820e-02
2.6680e-02
2.4618e-02
2.3229e-02
3.0586e-02
2.5023e-02
2.0579e-02
8.9162e-02
1.5218e-01
7.5192e-02
2.1805e-01
2.0470e-01
1.0492e-01
6.0847e-02
-7.1124e-02
-1.3093e-01
-8.3953e-02
-6.4716e-02
-3.4542e-02
1.6605e-02
-1.9696e-02
-5.5606e-02
-7.9482e-02
-1.1706e-01
-1.1518e-01
-9.9487e-02
-5.4864e-02
1.2468e-02
2.7629e-02
4.3106e-02
1.0186e-01
1.3646e-01
1.8510e-01
2.1492e-01
2.5361e-01
2.8707e-01
1.0538e-01
-2.6848e-02
-9.6995e-02
-5.1165e-02
-4.6117e-02
-3.1519e-02
-2.5259e-02
-4.9414e-02
-6.3951e-02
-6.3535e-02
-6.8231e-02
-6.1141e-02
-5.0817e-02
-4.6841e-02
-1.8830e-02
-7.9058e-03
-9.9626e-03
-2.9340e-02
-1.4441e-02
-4.5845e-03
1.0199e-03
2.9939e-03
-3.6949e-02
-3.2464e-02
-2.6311e-02
-2.1963e-02
-3.0075e-02
-2.7138e-02
-3.4681e-02
-0.0958
0.0180
0.1755
-0.1517
0.2356
-0.3205
-0.0336